0 0.374219 0.913426 0.371094 0.912963 0.369010 0.919907 0.372917 0.922222 0.374479 0.920833 0.375000 0.918519
0 0.551302 0.900926 0.550781 0.902315 0.551042 0.906944 0.554948 0.906481 0.554948 0.901852 0.554427 0.900926
0 0.572135 0.794444 0.567187 0.794907 0.566406 0.802315 0.568229 0.806019 0.572135 0.803241
0 0.477604 0.738889 0.478125 0.744444 0.482552 0.743981 0.482812 0.738426
0 0.798958 0.659259 0.796354 0.662500 0.797396 0.668056 0.798698 0.669907 0.800521 0.667130 0.801562 0.662963
0 0.525781 0.506481 0.522917 0.509722 0.522656 0.512963 0.522917 0.518056 0.525260 0.520833 0.527344 0.518981 0.528646 0.514815 0.528646 0.510185
0 0.823177 0.475000 0.823177 0.481481 0.825781 0.481481 0.825781 0.475000
0 0.579948 0.439815 0.579688 0.446296 0.582552 0.446296 0.582552 0.440741
0 0.822396 0.303704 0.822396 0.308796 0.827083 0.308796 0.827083 0.302778 0.823177 0.302778
0 0.951042 0.005556 0.950521 0.006944 0.950521 0.012963 0.951042 0.013889 0.953646 0.012963 0.953906 0.007870
