0 0.547396 0.919907 0.548177 0.926852 0.552083 0.926852 0.551823 0.919907 0.549219 0.918519
0 0.360677 0.844907 0.359635 0.847222 0.359635 0.853241 0.362500 0.854167 0.363021 0.853241 0.363021 0.845833
0 0.532031 0.836574 0.533073 0.841204 0.535937 0.843981 0.538542 0.843056 0.539583 0.836574 0.536979 0.834259
0 0.458594 0.800000 0.456771 0.801852 0.457031 0.807870 0.459635 0.809259 0.460677 0.807870 0.461458 0.801852
0 0.809896 0.666204 0.806510 0.669907 0.808854 0.674537 0.810417 0.675926 0.812500 0.673148 0.813021 0.669907 0.811458 0.667130
0 0.454948 0.599074 0.452865 0.593519 0.451042 0.593056 0.446615 0.600463 0.447917 0.603241 0.451562 0.604630 0.454167 0.602315
0 0.997656 0.555556 0.996094 0.558333 0.996094 0.561574 0.996875 0.563889 0.999479 0.563889 0.999479 0.555556
0 0.500781 0.362963 0.501042 0.367130 0.504427 0.367130 0.504427 0.363426 0.502344 0.361574 0.501563 0.361574
0 0.771354 0.337500 0.771354 0.343519 0.773958 0.343519 0.773958 0.339352 0.772396 0.337500
0 0.723958 0.324537 0.723177 0.327778 0.723437 0.330093 0.727865 0.330093 0.727604 0.325000 0.726302 0.324074
