0 0.372917 0.891667 0.371615 0.899074 0.372656 0.900463 0.376302 0.899074 0.376823 0.892130
0 0.551042 0.890741 0.551042 0.895833 0.554167 0.895833 0.554688 0.894907 0.554688 0.890741 0.554167 0.890278
0 0.568490 0.794907 0.567969 0.802315 0.568750 0.804167 0.572135 0.806019 0.575260 0.801852 0.572917 0.794907
0 0.481771 0.740741 0.481250 0.745370 0.481771 0.747222 0.485938 0.747222 0.485677 0.741667
0 0.797656 0.640278 0.797656 0.644907 0.802344 0.644907 0.802344 0.639815 0.798438 0.638889
0 0.997917 0.607870 0.994271 0.612963 0.994010 0.615741 0.996094 0.621296 0.999740 0.621759 0.999740 0.607870
0 0.509375 0.544907 0.506250 0.543519 0.504427 0.544444 0.502604 0.552778 0.505208 0.556019 0.509635 0.551852
0 0.805729 0.429167 0.805208 0.430093 0.805208 0.436111 0.807813 0.436111 0.808073 0.430093 0.807552 0.429167
0 0.556771 0.411111 0.556771 0.416667 0.560156 0.416667 0.560156 0.411111
0 0.789323 0.312500 0.789323 0.316667 0.793750 0.316667 0.793490 0.311574 0.790104 0.311111
