0 0.551042 0.890741 0.551042 0.895833 0.554167 0.895833 0.554688 0.894907 0.554688 0.891204 0.554167 0.890278
0 0.372656 0.891667 0.371354 0.899074 0.372917 0.900463 0.375781 0.899074 0.376823 0.894907 0.376823 0.891667
0 0.568229 0.797222 0.567969 0.802315 0.569792 0.805556 0.572396 0.806481 0.575260 0.802315 0.572135 0.795370
0 0.482031 0.741204 0.481250 0.745370 0.481771 0.747685 0.486198 0.747685 0.486198 0.742130
0 0.797917 0.639352 0.797917 0.644907 0.802604 0.644907 0.802344 0.638889
0 0.997396 0.607407 0.994531 0.611574 0.994010 0.616204 0.995573 0.619444 0.999740 0.621296 0.999740 0.607407
0 0.505990 0.544444 0.503385 0.546759 0.501563 0.551852 0.502604 0.555093 0.505469 0.556944 0.509115 0.551852 0.508073 0.546759
0 0.805469 0.428241 0.804427 0.430556 0.804427 0.435185 0.807292 0.435185 0.807292 0.428704
0 0.556510 0.410185 0.556250 0.415741 0.559375 0.416204 0.559375 0.411574
0 0.788542 0.312963 0.788542 0.317130 0.792969 0.317130 0.792969 0.312500 0.792448 0.311574 0.789323 0.311574
