0 0.371615 0.898148 0.372656 0.902315 0.376823 0.899074 0.376563 0.895833 0.375000 0.893981 0.372917 0.893981
0 0.551562 0.891204 0.551562 0.896759 0.555208 0.896296 0.554948 0.891204
0 0.567969 0.794907 0.568229 0.802315 0.572656 0.803241 0.574740 0.801852 0.573958 0.794907 0.572396 0.793519
0 0.481771 0.739352 0.481250 0.746296 0.482292 0.747685 0.486198 0.747685 0.486719 0.746296 0.486198 0.741667 0.484115 0.739352
0 0.797656 0.641204 0.797917 0.646296 0.802344 0.646296 0.802344 0.640278 0.798438 0.639815
0 0.997917 0.611574 0.995833 0.614352 0.995052 0.621296 0.997917 0.625000 0.999740 0.625000 0.999740 0.611574
0 0.509635 0.539815 0.505469 0.542593 0.504687 0.545370 0.505469 0.553241 0.510417 0.551389 0.511458 0.544444
0 0.806510 0.432870 0.806510 0.440278 0.809375 0.440278 0.809375 0.433796 0.808073 0.432870
0 0.559375 0.412963 0.558854 0.419444 0.562240 0.419444 0.562240 0.412963
0 0.792188 0.312037 0.792188 0.316204 0.796615 0.316204 0.796354 0.310648 0.793750 0.310185
