0 0.923698 0.812037 0.922656 0.815741 0.923438 0.818056 0.927604 0.820370 0.928385 0.816667 0.927604 0.812500
0 0.430208 0.753241 0.430208 0.760185 0.431250 0.761111 0.433854 0.760185 0.435156 0.753241 0.432812 0.752315
0 0.408854 0.752778 0.409375 0.755556 0.411979 0.758796 0.415625 0.756944 0.416146 0.754630 0.415365 0.750926 0.411979 0.747685
0 0.288802 0.732407 0.289844 0.737500 0.294010 0.737500 0.293750 0.731019 0.289583 0.731019
0 0.322135 0.583796 0.321875 0.590741 0.325521 0.590741 0.325521 0.583796
0 0.708854 0.561574 0.704948 0.562500 0.703385 0.565278 0.703646 0.572685 0.706250 0.573611 0.708854 0.571759 0.709635 0.566667
0 0.306510 0.461574 0.306771 0.468981 0.310417 0.470833 0.312760 0.468056 0.312760 0.461574 0.310677 0.459722
0 0.817187 0.294907 0.817187 0.300926 0.820833 0.300926 0.820833 0.294907
0 0.180990 0.147685 0.179688 0.149074 0.179688 0.157870 0.183333 0.157870 0.183333 0.148611
0 0.275260 0.138426 0.272135 0.139352 0.272135 0.145370 0.275781 0.145370 0.275781 0.139815
