0 0.514062 0.862037 0.514062 0.864815 0.518750 0.864815 0.518750 0.859722 0.518229 0.858796 0.515885 0.858796
0 0.454948 0.794907 0.451823 0.793519 0.450000 0.794907 0.450000 0.801852 0.451042 0.804630 0.454688 0.801852
0 0.294792 0.779167 0.292187 0.781019 0.292448 0.787963 0.294271 0.789352 0.297396 0.787963 0.297396 0.781019
0 0.911979 0.739352 0.911979 0.747685 0.915885 0.749074 0.916927 0.746296 0.915885 0.740278
0 0.777604 0.683333 0.775260 0.678704 0.771094 0.679630 0.768750 0.684259 0.771615 0.688889 0.775260 0.689815
0 0.339844 0.669907 0.339583 0.676852 0.341146 0.677778 0.344531 0.676852 0.345573 0.669907 0.342448 0.668981
0 0.384635 0.231481 0.384896 0.237963 0.388542 0.237963 0.388542 0.231481
0 0.788281 0.200000 0.788281 0.204630 0.792188 0.204630 0.792188 0.200463 0.791406 0.199074 0.789062 0.199074
0 0.243229 0.037963 0.243229 0.044444 0.246354 0.044444 0.246354 0.038426
0 0.341927 0.031019 0.341667 0.030556 0.338802 0.031019 0.338802 0.035185 0.341927 0.035185
