0 0.472396 0.834722 0.472396 0.838426 0.472917 0.839352 0.476562 0.839352 0.476562 0.835185 0.475260 0.832870 0.473438 0.832870
0 0.411979 0.787963 0.410938 0.794907 0.411719 0.797222 0.416406 0.800463 0.418490 0.795370 0.416146 0.789815
0 0.919792 0.775463 0.919010 0.779630 0.919271 0.782407 0.920052 0.783796 0.923698 0.785185 0.925260 0.781019 0.924219 0.777778 0.923177 0.776389
0 0.283073 0.740741 0.279167 0.744444 0.278906 0.746296 0.279427 0.748611 0.282292 0.750000 0.283333 0.749537 0.283854 0.744907
0 0.733073 0.649074 0.733073 0.656481 0.736198 0.661574 0.738802 0.660185 0.739844 0.656019 0.736458 0.648611
0 0.337760 0.647222 0.336979 0.649074 0.337240 0.656019 0.340625 0.656019 0.341667 0.653704 0.341667 0.648148
0 0.802865 0.224074 0.802865 0.229630 0.806771 0.229630 0.806510 0.224074
0 0.341927 0.198148 0.341927 0.204630 0.346094 0.204630 0.346094 0.200000 0.345573 0.198611
0 0.230729 0.044907 0.229427 0.047222 0.229427 0.054167 0.233073 0.054167 0.233073 0.046296 0.232552 0.044907
0 0.298438 0.040278 0.295833 0.041667 0.295052 0.043056 0.295052 0.044907 0.298438 0.044907
