0 0.373177 0.912500 0.370833 0.913889 0.369271 0.919907 0.372656 0.922222 0.375260 0.919907 0.374479 0.913889
0 0.551042 0.901852 0.551042 0.906944 0.554948 0.906481 0.554948 0.901852 0.554427 0.900926 0.551562 0.900926
0 0.572135 0.793981 0.567187 0.794907 0.566406 0.802315 0.568229 0.806019 0.572135 0.803241
0 0.477604 0.738889 0.478125 0.744444 0.482552 0.743981 0.482812 0.738426
0 0.798438 0.659259 0.796094 0.662963 0.797917 0.668519 0.798958 0.669444 0.800521 0.667130 0.801562 0.662963 0.800260 0.660185
0 0.524740 0.506944 0.522656 0.509722 0.522396 0.517130 0.525521 0.520833 0.528646 0.517130 0.528646 0.510185
0 0.822917 0.475000 0.822917 0.481481 0.825781 0.481481 0.825781 0.474537
0 0.579688 0.439815 0.579427 0.440278 0.579688 0.446296 0.582552 0.446296 0.582552 0.440741
0 0.822396 0.304167 0.822396 0.308796 0.826823 0.308796 0.826823 0.302778 0.823698 0.302778
0 0.951042 0.006019 0.950521 0.006944 0.950521 0.012963 0.951562 0.013889 0.953646 0.012500 0.953906 0.007407
