0 0.517969 0.861574 0.517969 0.865278 0.522396 0.865278 0.522396 0.859722 0.521875 0.858796 0.520052 0.858796
0 0.454167 0.791204 0.451302 0.794907 0.452604 0.801389 0.454948 0.802778 0.456510 0.799537 0.457031 0.794444
0 0.294792 0.782407 0.294010 0.787963 0.294792 0.791204 0.298698 0.792130 0.299479 0.788889 0.298698 0.783333
0 0.911979 0.737500 0.911198 0.739352 0.911979 0.745833 0.915885 0.746296 0.916667 0.740278 0.916146 0.737963
0 0.772656 0.683796 0.774479 0.688889 0.779427 0.689815 0.780990 0.684259 0.779167 0.680556 0.775000 0.680556
0 0.341667 0.670370 0.339844 0.673148 0.338802 0.676389 0.339583 0.678241 0.341406 0.679630 0.345052 0.676852 0.344271 0.672222
0 0.388542 0.234259 0.387760 0.236574 0.387760 0.240278 0.391667 0.240741 0.391667 0.235648
0 0.786979 0.197222 0.786979 0.202778 0.790885 0.202778 0.790625 0.197222
0 0.245833 0.044444 0.245833 0.047222 0.246615 0.049074 0.248958 0.049074 0.248958 0.043981 0.247135 0.043519
0 0.341667 0.030093 0.341667 0.033796 0.344531 0.033796 0.344531 0.030093
