0 0.927604 0.830093 0.927604 0.836111 0.932031 0.836111 0.931510 0.830093
0 0.407292 0.774074 0.406510 0.781481 0.408073 0.786111 0.410156 0.785185 0.411719 0.780556 0.409115 0.774074
0 0.290365 0.756019 0.289062 0.756944 0.287500 0.760648 0.289323 0.766204 0.291667 0.767130 0.292969 0.762500 0.292969 0.759722 0.291406 0.756481
0 0.436719 0.735648 0.436719 0.739815 0.440885 0.739815 0.440625 0.733796 0.437760 0.733796
0 0.310156 0.555093 0.308594 0.557870 0.308594 0.562963 0.311979 0.563426 0.311979 0.556944 0.311198 0.555556
0 0.716406 0.550926 0.712240 0.549537 0.709115 0.551852 0.709375 0.558796 0.712240 0.560185 0.715104 0.558796 0.716667 0.554167
0 0.305729 0.450000 0.303125 0.454630 0.303646 0.457870 0.305469 0.461574 0.308594 0.461574 0.309896 0.454167 0.307812 0.450463
0 0.814323 0.323148 0.814323 0.329167 0.817708 0.329167 0.817708 0.323148
0 0.161719 0.190741 0.161719 0.200463 0.165365 0.200463 0.165365 0.190741
0 0.246615 0.106481 0.246354 0.113426 0.250000 0.113426 0.250000 0.106944 0.248958 0.106019
