0 0.546354 0.892130 0.546354 0.897685 0.550260 0.897685 0.550260 0.892130
0 0.369010 0.874537 0.367448 0.877778 0.367969 0.882870 0.371094 0.882870 0.371094 0.875463
0 0.564323 0.813889 0.561719 0.815741 0.561719 0.822685 0.564844 0.826852 0.566927 0.824074 0.566667 0.815741
0 0.477344 0.760185 0.477344 0.767130 0.478385 0.768981 0.482292 0.768056 0.482292 0.763426 0.481250 0.760185
0 0.799479 0.637963 0.799479 0.643519 0.804427 0.643519 0.804427 0.638889 0.803646 0.637500
0 0.994010 0.585648 0.989844 0.585185 0.988802 0.586574 0.987760 0.593519 0.989844 0.596759 0.994271 0.593519
0 0.488281 0.568056 0.486198 0.567130 0.482812 0.571759 0.483594 0.578704 0.486719 0.579630 0.488802 0.577315 0.489844 0.571759
0 0.789844 0.398611 0.789844 0.405093 0.792448 0.405093 0.792448 0.398611
0 0.536458 0.393519 0.535677 0.395833 0.535677 0.399074 0.539062 0.399074 0.539062 0.394907 0.538021 0.393519
0 0.763281 0.318519 0.762760 0.320370 0.762760 0.323611 0.766927 0.323611 0.766927 0.318056
