0 0.927865 0.836574 0.929167 0.840741 0.931250 0.843056 0.933594 0.842130 0.934635 0.836574 0.931771 0.834259
0 0.403385 0.785185 0.400781 0.788426 0.402083 0.794907 0.404427 0.796296 0.405990 0.793981 0.406510 0.787963
0 0.286979 0.764815 0.284115 0.767130 0.285156 0.774074 0.286979 0.775463 0.288802 0.774074 0.289323 0.767130
0 0.437240 0.732407 0.438542 0.736574 0.440885 0.736574 0.441667 0.735185 0.441667 0.731019 0.439063 0.730093
0 0.710938 0.551852 0.711198 0.558333 0.712500 0.559722 0.716927 0.558796 0.718229 0.552778 0.716667 0.550000 0.713802 0.549074
0 0.303906 0.550000 0.303646 0.556944 0.306771 0.557407 0.306771 0.549074 0.304948 0.549074
0 0.302604 0.449074 0.301302 0.453704 0.302083 0.458796 0.306510 0.460185 0.308333 0.454630 0.306510 0.448611
0 0.813281 0.329630 0.812760 0.331944 0.812760 0.337037 0.816146 0.337037 0.816146 0.331944 0.815625 0.329630
0 0.157292 0.199537 0.155990 0.201852 0.155990 0.208333 0.159375 0.209259 0.159635 0.200926 0.158854 0.199537
0 0.238542 0.100000 0.238802 0.105556 0.242188 0.105556 0.242188 0.100000 0.240365 0.099074
