0 0.497917 0.854630 0.495833 0.858333 0.496615 0.862037 0.498177 0.864352 0.500260 0.861574 0.501042 0.857407
0 0.439323 0.801852 0.435417 0.803241 0.433333 0.808796 0.434896 0.812500 0.439063 0.812037 0.440104 0.810185
0 0.283333 0.766204 0.283333 0.774074 0.286979 0.774074 0.286979 0.765741
0 0.917188 0.758796 0.916406 0.760185 0.917708 0.764815 0.919271 0.767130 0.921094 0.766667 0.922396 0.760185 0.920052 0.757407
0 0.754687 0.676852 0.757552 0.683796 0.759896 0.684722 0.762240 0.682870 0.762500 0.676852 0.760156 0.674537 0.756250 0.674537
0 0.337760 0.664815 0.337760 0.671296 0.341667 0.672222 0.343490 0.669907 0.342187 0.662963 0.339323 0.662963
0 0.316406 0.385185 0.314323 0.382870 0.310417 0.383333 0.309375 0.385185 0.309635 0.391667 0.313542 0.393519 0.315885 0.392593
0 0.366406 0.217593 0.366406 0.220833 0.367188 0.222685 0.370573 0.222685 0.370312 0.217130 0.368229 0.216204
0 0.796354 0.205556 0.796354 0.210648 0.800260 0.210648 0.800260 0.207870 0.799740 0.205556
0 0.228385 0.015741 0.227865 0.016667 0.228385 0.021296 0.230469 0.020370 0.230990 0.019444 0.230990 0.016667
0 0.247396 0.007407 0.244010 0.007870 0.243750 0.016667 0.246354 0.016667 0.247396 0.014815
