0 0.550000 0.891204 0.550000 0.895370 0.553646 0.895370 0.553385 0.890278 0.550781 0.890278
0 0.373177 0.886111 0.370833 0.892130 0.372656 0.896296 0.374740 0.894907 0.376302 0.892130 0.375521 0.888889
0 0.568229 0.799537 0.567448 0.801852 0.568229 0.807870 0.572917 0.808796 0.573438 0.800926 0.572135 0.798611
0 0.480990 0.746296 0.481771 0.751389 0.485938 0.751389 0.485677 0.745833 0.481771 0.744907
0 0.798438 0.637500 0.798438 0.643056 0.803125 0.643056 0.803125 0.637500
0 0.994010 0.603241 0.993229 0.607407 0.993750 0.613889 0.999740 0.614352 0.999740 0.602778
0 0.504687 0.551852 0.502604 0.550000 0.499219 0.551389 0.497917 0.555556 0.497917 0.560648 0.502083 0.561111 0.504427 0.558796
0 0.801823 0.420833 0.801562 0.427778 0.804427 0.427778 0.804427 0.422685 0.803646 0.420833
0 0.551823 0.405556 0.552083 0.411111 0.555208 0.411574 0.555208 0.406019
0 0.782813 0.313426 0.782813 0.318519 0.786979 0.318519 0.786979 0.312963
