0 0.550781 0.891204 0.550781 0.896296 0.554167 0.895833 0.554167 0.891204
0 0.372917 0.889352 0.371354 0.892130 0.371354 0.893981 0.372396 0.898611 0.373437 0.899074 0.376823 0.892130
0 0.572135 0.796759 0.568750 0.798611 0.567969 0.800926 0.568229 0.805556 0.571094 0.808333 0.573177 0.807870 0.574740 0.802778
0 0.482031 0.743519 0.481250 0.745833 0.482031 0.750000 0.486198 0.750000 0.486198 0.744444
0 0.798177 0.638426 0.798177 0.643981 0.802865 0.643981 0.802865 0.637963
0 0.994010 0.607870 0.993490 0.613889 0.994010 0.616204 0.999740 0.617130 0.999740 0.604167 0.997396 0.604167
0 0.501823 0.547685 0.500000 0.551852 0.500521 0.558796 0.501563 0.560185 0.505208 0.558796 0.506510 0.552778 0.505729 0.548148
0 0.802865 0.424537 0.802865 0.431019 0.805208 0.431019 0.805469 0.425463
0 0.554688 0.407870 0.553646 0.409722 0.553646 0.413426 0.557031 0.413889 0.557031 0.408333
0 0.785156 0.314352 0.785156 0.318056 0.789583 0.318056 0.789583 0.312963 0.789062 0.312500 0.786458 0.312500
