0 0.924479 0.805556 0.924479 0.809722 0.925521 0.811111 0.929427 0.811111 0.929427 0.806481 0.928385 0.804630
0 0.437240 0.780093 0.437240 0.787963 0.440625 0.788426 0.440625 0.780556
0 0.409635 0.746296 0.404427 0.746296 0.403646 0.752315 0.404167 0.755556 0.408073 0.755556 0.409115 0.753241
0 0.285156 0.728704 0.285156 0.733796 0.290104 0.733333 0.290104 0.727315 0.285938 0.727315
0 0.333854 0.611111 0.330729 0.614352 0.331510 0.619444 0.332813 0.621296 0.334115 0.621296 0.336458 0.614815
0 0.708854 0.593519 0.707292 0.599537 0.708854 0.606019 0.712760 0.605556 0.713802 0.600926 0.712760 0.593519
0 0.308333 0.454630 0.308594 0.462037 0.314323 0.464352 0.316146 0.461574 0.313802 0.454630 0.310417 0.452778
0 0.814844 0.269907 0.814844 0.275000 0.818490 0.275000 0.818229 0.268981 0.816406 0.268981
0 0.296615 0.168981 0.296615 0.170370 0.298438 0.173148 0.300781 0.172685 0.302604 0.170833 0.302604 0.168981 0.298958 0.163889 0.297917 0.164815
0 0.198698 0.107407 0.198698 0.115278 0.202344 0.115741 0.202344 0.106944 0.200521 0.106019
