0 0.493750 0.851852 0.492708 0.853704 0.491927 0.857407 0.494271 0.861574 0.497656 0.857407 0.495312 0.852778
0 0.436979 0.808333 0.435156 0.803241 0.431510 0.803704 0.428906 0.808796 0.431250 0.813426 0.435417 0.813426
0 0.919792 0.762037 0.918229 0.766204 0.919792 0.771296 0.923698 0.770370 0.923698 0.765741
0 0.282813 0.762037 0.281771 0.764352 0.281771 0.769444 0.282552 0.770833 0.284635 0.770833 0.285156 0.769907 0.285156 0.763426
0 0.752083 0.672685 0.751563 0.677315 0.754427 0.682407 0.755990 0.683333 0.758854 0.680556 0.759635 0.676852 0.755729 0.671759
0 0.309635 0.385185 0.308594 0.391667 0.309635 0.393981 0.314323 0.396759 0.316146 0.393981 0.314323 0.385185
0 0.362500 0.214352 0.362240 0.218981 0.366406 0.219444 0.366406 0.215278 0.365365 0.212963 0.363802 0.212963
0 0.797917 0.207870 0.797917 0.213426 0.801823 0.213426 0.801823 0.209259 0.800000 0.207407
0 0.316406 0.035185 0.316406 0.037963 0.319271 0.037963 0.319271 0.034259 0.319010 0.033796 0.317708 0.033333
0 0.242969 0.012037 0.240885 0.015278 0.240885 0.020370 0.241667 0.021759 0.244531 0.021759 0.244531 0.012500
0 0.224479 0.008796 0.224479 0.016204 0.227604 0.016204 0.227604 0.010185
