0 0.375781 0.912963 0.373437 0.911111 0.370573 0.912963 0.370833 0.919907 0.374219 0.919907
0 0.551302 0.899537 0.551302 0.905556 0.555469 0.905556 0.555469 0.899537
0 0.572396 0.793519 0.568229 0.793519 0.566406 0.794907 0.566406 0.801852 0.567969 0.803704 0.572135 0.801852 0.572917 0.795370
0 0.484896 0.739352 0.482292 0.736574 0.478646 0.737963 0.478125 0.738889 0.478385 0.743056 0.482292 0.745370
0 0.800260 0.656019 0.798438 0.656019 0.796615 0.662963 0.798438 0.665741 0.801823 0.662963 0.801302 0.657870
0 0.522917 0.510185 0.521354 0.512963 0.521354 0.521296 0.525260 0.523611 0.527865 0.516204 0.526042 0.510185
0 0.821875 0.469907 0.821875 0.476852 0.824479 0.476852 0.824479 0.470833 0.823958 0.469907
0 0.578646 0.437037 0.578125 0.437963 0.578125 0.442593 0.578646 0.443519 0.581250 0.443519 0.581250 0.437963 0.580729 0.437037
0 0.819792 0.305093 0.819792 0.309259 0.824219 0.309259 0.823958 0.303241 0.820573 0.303241
0 0.951042 0.003241 0.949219 0.006481 0.949219 0.010648 0.952344 0.010648 0.952344 0.006019
