0 0.550781 0.890741 0.550781 0.896296 0.554427 0.895833 0.554427 0.890741
0 0.372656 0.890741 0.371875 0.892130 0.371615 0.899074 0.372656 0.900000 0.375521 0.899074 0.376823 0.894444 0.376823 0.891667
0 0.568229 0.797685 0.568229 0.804167 0.572135 0.806944 0.573958 0.805093 0.575260 0.801852 0.572135 0.795833
0 0.481771 0.742593 0.481250 0.745370 0.481771 0.748148 0.486198 0.748148 0.486198 0.742593
0 0.797917 0.638889 0.797917 0.644444 0.802604 0.644444 0.802344 0.638889
0 0.996094 0.607407 0.994010 0.611574 0.994010 0.616667 0.996354 0.619444 0.999740 0.620370 0.999740 0.606944
0 0.507292 0.546296 0.505469 0.544907 0.502083 0.549074 0.501823 0.557407 0.505990 0.557870 0.507812 0.555093 0.508854 0.550926
0 0.804167 0.426852 0.803906 0.433796 0.806771 0.433796 0.806771 0.426852
0 0.555990 0.410185 0.555729 0.415741 0.558854 0.415741 0.558854 0.411111 0.557813 0.410185
0 0.787760 0.313426 0.787760 0.317593 0.792188 0.317593 0.792188 0.312963 0.791667 0.312037 0.789062 0.312037
