0 0.373958 0.919907 0.372917 0.918519 0.369010 0.919444 0.368490 0.926852 0.369010 0.927778 0.372917 0.927315
0 0.553906 0.905093 0.552604 0.903704 0.549740 0.905093 0.549740 0.908796 0.550260 0.909722 0.553385 0.909722 0.553906 0.908796
0 0.572135 0.798148 0.568229 0.799074 0.567448 0.801389 0.568229 0.809722 0.572135 0.810648 0.572917 0.808796
0 0.477083 0.740278 0.476562 0.743981 0.476823 0.746759 0.481510 0.746759 0.481510 0.740278
0 0.801562 0.669907 0.798698 0.667593 0.796094 0.669444 0.796354 0.676389 0.797656 0.677315 0.800260 0.676852
0 0.528125 0.496296 0.525260 0.503704 0.526563 0.508796 0.529167 0.511111 0.531250 0.508333 0.532292 0.502778 0.529687 0.496296
0 0.827344 0.487500 0.827344 0.493056 0.830208 0.493519 0.830208 0.486574 0.828385 0.486574
0 0.587500 0.446296 0.584635 0.447222 0.584896 0.452778 0.587500 0.452778
0 0.830990 0.301389 0.830990 0.306481 0.835156 0.306481 0.835156 0.300463 0.831771 0.300463
0 0.958073 0.011574 0.955729 0.014352 0.955208 0.017593 0.957031 0.020833 0.959115 0.021759 0.960677 0.016667 0.959115 0.012037
