0 0.536979 0.856019 0.533073 0.856944 0.532813 0.862500 0.536979 0.862500
0 0.302604 0.794907 0.303385 0.801852 0.305990 0.803704 0.308854 0.801852 0.307812 0.794907
0 0.459375 0.781481 0.459375 0.787963 0.463802 0.787963 0.463542 0.781481
0 0.913281 0.725926 0.913021 0.732870 0.916667 0.732870 0.916667 0.726389
0 0.788802 0.683796 0.788542 0.690741 0.790625 0.693519 0.794271 0.693056 0.795833 0.691204 0.794792 0.683796
0 0.339062 0.676852 0.339323 0.682407 0.343490 0.682407 0.343750 0.676852
0 0.308333 0.378704 0.308073 0.385185 0.310417 0.387963 0.314583 0.387500 0.316406 0.385185 0.313021 0.378241
0 0.400000 0.244907 0.400260 0.250463 0.403906 0.250463 0.403906 0.244444
0 0.785156 0.187963 0.785156 0.192593 0.788802 0.192593 0.788802 0.187963 0.788021 0.187037 0.785677 0.187037
0 0.255729 0.054630 0.254948 0.056481 0.255208 0.061574 0.258073 0.061574 0.258073 0.056944
