0 0.546875 0.892130 0.547135 0.897222 0.551042 0.897222 0.551042 0.892130
0 0.372656 0.878241 0.368750 0.878704 0.367969 0.885648 0.369010 0.888426 0.372656 0.885185
0 0.564323 0.809259 0.563542 0.815278 0.564323 0.818981 0.568229 0.821759 0.569792 0.816667 0.568750 0.811111
0 0.478646 0.756019 0.478385 0.762037 0.482292 0.765278 0.483854 0.760185 0.482292 0.755093
0 0.798958 0.636574 0.798958 0.643056 0.804167 0.643056 0.804167 0.637500 0.803646 0.636574
0 0.994010 0.588426 0.990625 0.589815 0.989323 0.592593 0.990104 0.600926 0.995052 0.600000 0.995573 0.593056
0 0.490365 0.562037 0.487240 0.565741 0.486458 0.572685 0.490104 0.575000 0.493229 0.572685 0.494010 0.567593 0.493490 0.564352
0 0.792969 0.405556 0.792969 0.411574 0.795833 0.411574 0.795833 0.405556 0.795052 0.404630
0 0.540104 0.397222 0.539844 0.400926 0.540365 0.402315 0.543490 0.402315 0.543490 0.397685 0.542448 0.396759
0 0.768750 0.316204 0.768229 0.318519 0.768229 0.321759 0.772656 0.321759 0.772396 0.316204
