0 0.923698 0.806019 0.923958 0.809259 0.927083 0.811574 0.929167 0.811111 0.930729 0.808796 0.927604 0.802778 0.925000 0.803241
0 0.438021 0.781481 0.438021 0.788889 0.438802 0.789815 0.440885 0.789352 0.441406 0.788426 0.441146 0.781481
0 0.409375 0.746296 0.407292 0.745370 0.404167 0.746759 0.403385 0.751852 0.404167 0.756019 0.408333 0.754630
0 0.284896 0.729167 0.284896 0.732870 0.285417 0.733333 0.290104 0.732870 0.289844 0.726852 0.285677 0.726852
0 0.331771 0.613889 0.331510 0.618056 0.332031 0.621296 0.335677 0.621296 0.336979 0.614352 0.334375 0.612037
0 0.712760 0.594444 0.708854 0.596296 0.708333 0.602315 0.709115 0.606944 0.713281 0.606944 0.714323 0.599537
0 0.308073 0.454630 0.308594 0.461574 0.314323 0.463889 0.315625 0.461574 0.313802 0.454630 0.310417 0.452315
0 0.814844 0.266667 0.814844 0.273611 0.818490 0.273611 0.818229 0.267130
0 0.298958 0.167130 0.298438 0.170370 0.299219 0.172222 0.302083 0.174537 0.303646 0.172685 0.304167 0.169444 0.302604 0.165741
0 0.201042 0.104630 0.200000 0.106944 0.200000 0.113889 0.203646 0.113889 0.203646 0.106019
