0 0.497917 0.855556 0.497135 0.856944 0.497917 0.862500 0.501823 0.864352 0.502344 0.857407 0.501563 0.856019
0 0.440625 0.801852 0.436719 0.802778 0.435417 0.805093 0.435417 0.811111 0.439323 0.812037 0.441667 0.808796
0 0.916146 0.758333 0.915885 0.761574 0.919531 0.765741 0.920833 0.763889 0.921615 0.759722 0.919792 0.756481
0 0.755729 0.676852 0.757552 0.683796 0.759635 0.685185 0.763542 0.684722 0.763542 0.676852 0.759635 0.675000
0 0.344010 0.668981 0.342187 0.663426 0.341146 0.662963 0.337760 0.666204 0.337240 0.669907 0.341667 0.672685
0 0.316927 0.385185 0.314323 0.381019 0.310417 0.381944 0.309375 0.385185 0.310417 0.392130 0.315365 0.392130
0 0.369010 0.216667 0.367969 0.218519 0.368750 0.225463 0.372917 0.225926 0.372917 0.218519
0 0.795312 0.204167 0.795573 0.209722 0.799219 0.209722 0.799219 0.204630
0 0.232292 0.016667 0.229427 0.017130 0.229427 0.022222 0.229948 0.023611 0.232552 0.023611
0 0.247917 0.005556 0.245573 0.007407 0.244271 0.010185 0.245833 0.014352 0.247656 0.015278 0.250781 0.010185
