0 0.547135 0.891667 0.547396 0.896759 0.551302 0.896759 0.551302 0.891667
0 0.372917 0.878241 0.369010 0.879630 0.367969 0.885185 0.369010 0.888889 0.372917 0.886574
0 0.565365 0.808796 0.564323 0.811574 0.564323 0.816204 0.568229 0.820833 0.570573 0.815741 0.569792 0.811574 0.568229 0.808333
0 0.478646 0.753241 0.478385 0.761111 0.482292 0.763426 0.484115 0.760185 0.482552 0.753704
0 0.798958 0.636111 0.798958 0.642130 0.803906 0.642130 0.803906 0.637963 0.803385 0.636111
0 0.994010 0.588889 0.990104 0.592130 0.990104 0.600926 0.994271 0.602315 0.995833 0.600463 0.996094 0.593056
0 0.490104 0.561111 0.488021 0.565278 0.488542 0.572222 0.494010 0.571759 0.495573 0.566204 0.494010 0.561111
0 0.794010 0.405556 0.794010 0.412963 0.796615 0.412963 0.796615 0.406019
0 0.541146 0.397685 0.541146 0.403241 0.544531 0.403241 0.544531 0.397685
0 0.770052 0.315741 0.769531 0.321296 0.773958 0.321296 0.773958 0.315741
