0 0.490104 0.846759 0.488021 0.848148 0.486979 0.850000 0.488021 0.854167 0.489844 0.856944 0.490885 0.855556 0.492188 0.850463
0 0.423958 0.808333 0.427344 0.812037 0.431510 0.808796 0.430729 0.804630 0.428646 0.801852 0.426302 0.802315
0 0.919271 0.767130 0.919792 0.774074 0.923698 0.775926 0.924740 0.774074 0.923958 0.767130
0 0.283333 0.756019 0.279948 0.760185 0.280729 0.765278 0.282813 0.767593 0.283854 0.767130 0.285417 0.761111
0 0.747656 0.667593 0.747135 0.670833 0.749219 0.676852 0.751823 0.678241 0.754427 0.676852 0.754167 0.669907
0 0.341667 0.658796 0.337500 0.661111 0.336979 0.662963 0.338021 0.667593 0.341667 0.667593 0.343229 0.662963
0 0.800260 0.211111 0.800521 0.216204 0.804167 0.216204 0.804167 0.211111
0 0.357031 0.209259 0.356771 0.213426 0.357292 0.214815 0.360938 0.214815 0.360938 0.209722 0.358073 0.208796
0 0.240104 0.019907 0.237500 0.022222 0.237500 0.028241 0.238281 0.029630 0.240625 0.029630 0.240885 0.021296
0 0.220312 0.001852 0.220573 0.008333 0.223177 0.008796 0.223177 0.001852
