0 0.531510 0.857407 0.530729 0.863426 0.535417 0.863426 0.535417 0.857407
0 0.301302 0.794907 0.302604 0.802315 0.307031 0.801852 0.307031 0.794444 0.302604 0.793519
0 0.458854 0.784259 0.458073 0.787963 0.458854 0.792593 0.462760 0.795370 0.464062 0.786574 0.462760 0.783333
0 0.913802 0.726852 0.912500 0.728704 0.911979 0.732407 0.915885 0.736574 0.917448 0.733333 0.917448 0.731019 0.915885 0.726389
0 0.786719 0.683796 0.787240 0.691667 0.791146 0.693981 0.794271 0.690741 0.792969 0.683796
0 0.339062 0.676852 0.339844 0.682407 0.343229 0.682407 0.344010 0.681019 0.344010 0.675926 0.340104 0.675926
0 0.309115 0.379167 0.308594 0.385185 0.310156 0.387963 0.314323 0.388889 0.316667 0.385185 0.314063 0.379167
0 0.398438 0.244444 0.398698 0.249074 0.402344 0.249074 0.402083 0.243519 0.399219 0.243056
0 0.785417 0.188426 0.785417 0.193519 0.789062 0.193519 0.789062 0.188889 0.788542 0.187963
0 0.254427 0.054630 0.254167 0.060648 0.257292 0.060648 0.257031 0.055556 0.256250 0.054167
