0 0.550000 0.891204 0.550000 0.895370 0.553646 0.895370 0.553646 0.890278 0.550781 0.890278
0 0.372917 0.886111 0.370833 0.892130 0.371615 0.894907 0.372917 0.896759 0.376302 0.892130 0.375781 0.889815
0 0.572135 0.798148 0.568229 0.799537 0.567708 0.801389 0.568229 0.807870 0.571615 0.809259 0.573177 0.808333 0.573958 0.801852
0 0.480990 0.746296 0.481771 0.751389 0.485938 0.751389 0.485938 0.745833 0.484375 0.744907 0.481771 0.744907
0 0.798438 0.637500 0.798438 0.643519 0.803125 0.643519 0.802865 0.637500
0 0.994010 0.603241 0.993750 0.614352 0.999740 0.614352 0.999740 0.602778
0 0.504687 0.551852 0.501823 0.550000 0.498958 0.551852 0.497917 0.559722 0.501563 0.561574 0.503906 0.559722
0 0.802083 0.420833 0.801562 0.421759 0.801562 0.427778 0.804427 0.427778 0.804427 0.422685 0.803385 0.420833
0 0.551823 0.405556 0.552083 0.411574 0.555208 0.411574 0.555208 0.406019
0 0.782813 0.313889 0.783073 0.318519 0.787240 0.318519 0.787240 0.312963 0.783594 0.312963
