0 0.549219 0.891204 0.549219 0.895833 0.553125 0.895833 0.553385 0.891204 0.552865 0.890278 0.550781 0.890278
0 0.372656 0.883796 0.371094 0.885185 0.370052 0.892130 0.373177 0.893519 0.374740 0.891667 0.375000 0.885185
0 0.567448 0.801852 0.566927 0.808796 0.568229 0.811111 0.572135 0.812037 0.573438 0.809259 0.572135 0.801852
0 0.480990 0.746759 0.480208 0.753241 0.482292 0.755093 0.486198 0.753704 0.486198 0.751852 0.484375 0.746296 0.481771 0.745833
0 0.798698 0.636111 0.798698 0.642130 0.803646 0.642130 0.803646 0.636111
0 0.992448 0.600463 0.992708 0.607870 0.993490 0.609259 0.999740 0.607407 0.999740 0.599537 0.994010 0.597685
0 0.501563 0.555556 0.497917 0.553704 0.495312 0.558796 0.495833 0.565278 0.499219 0.565741 0.501823 0.562037
0 0.799219 0.415278 0.799219 0.422222 0.802083 0.422222 0.802083 0.415278
0 0.548698 0.402778 0.548698 0.408796 0.552083 0.408796 0.552083 0.403704
0 0.778906 0.314352 0.778906 0.318981 0.783333 0.318981 0.783333 0.313889
