0 0.494010 0.854167 0.493490 0.856944 0.494010 0.860185 0.497917 0.862037 0.498958 0.857870 0.498177 0.854630
0 0.437760 0.805556 0.435417 0.802315 0.432292 0.804630 0.430729 0.808333 0.431510 0.812500 0.435937 0.813889 0.438542 0.808796
0 0.283073 0.763426 0.282292 0.765278 0.282813 0.772685 0.285417 0.772685 0.285938 0.771759 0.285938 0.765278 0.284115 0.763426
0 0.918490 0.760185 0.918490 0.767593 0.919792 0.768981 0.923698 0.767593 0.923698 0.765741 0.921615 0.760185
0 0.753385 0.674537 0.752865 0.676852 0.755469 0.682407 0.759635 0.683796 0.761198 0.677315 0.759635 0.674074 0.755208 0.672685
0 0.342448 0.662963 0.338542 0.662963 0.337500 0.666204 0.337500 0.670833 0.341667 0.671296 0.342969 0.669907
0 0.309375 0.385185 0.309115 0.392130 0.310417 0.393981 0.314583 0.394907 0.316667 0.392130 0.314583 0.383796 0.310417 0.383333
0 0.364844 0.214352 0.363802 0.218981 0.365104 0.222685 0.369010 0.220370 0.369010 0.217130 0.368490 0.216204
0 0.797656 0.207870 0.797656 0.212963 0.801562 0.212963 0.801562 0.208796 0.800521 0.207407 0.798177 0.206944
0 0.318229 0.032407 0.318229 0.037037 0.321094 0.037037 0.321094 0.033796 0.320573 0.032870
0 0.243229 0.011111 0.242188 0.014815 0.242188 0.018981 0.242708 0.019907 0.245573 0.019907 0.245833 0.011111
