0 0.455469 0.815741 0.456510 0.822685 0.458333 0.824074 0.460417 0.822685 0.459896 0.815278 0.457813 0.814352
0 0.919792 0.786111 0.919271 0.787963 0.919792 0.791204 0.923958 0.794907 0.925000 0.792130 0.925260 0.787963 0.923698 0.786111
0 0.404167 0.767130 0.403385 0.773148 0.404167 0.779167 0.408073 0.779630 0.408854 0.774074 0.408073 0.769907
0 0.282292 0.733333 0.281510 0.739815 0.286719 0.739815 0.286719 0.733333
0 0.341406 0.635185 0.337760 0.633333 0.335938 0.635185 0.335938 0.642130 0.337760 0.643519 0.340365 0.642130
0 0.723958 0.629167 0.721615 0.631019 0.720573 0.635648 0.722396 0.642130 0.725000 0.642593 0.726562 0.639815 0.727083 0.634722
0 0.308854 0.426852 0.308333 0.433796 0.310937 0.437500 0.314323 0.438426 0.314583 0.426852 0.311458 0.425463
0 0.806510 0.238889 0.806510 0.244444 0.810156 0.244444 0.810156 0.238889
0 0.326042 0.187037 0.325521 0.188889 0.325781 0.193056 0.329688 0.193519 0.329688 0.187963
0 0.220573 0.069907 0.219792 0.071759 0.219792 0.079630 0.222917 0.080093 0.223438 0.079167 0.223438 0.071759
0 0.277604 0.045370 0.277865 0.050000 0.280729 0.050000 0.280990 0.049537 0.280990 0.045370
