0 0.494010 0.852778 0.492969 0.856019 0.493750 0.861111 0.497917 0.860185 0.498437 0.857407 0.497917 0.855093
0 0.438021 0.808333 0.435677 0.803241 0.431510 0.804630 0.429948 0.808796 0.431510 0.812963 0.435417 0.813889
0 0.282813 0.762500 0.282031 0.765278 0.282552 0.771759 0.285156 0.771759 0.285677 0.764352 0.284375 0.762500
0 0.919531 0.760185 0.918229 0.767130 0.919792 0.769907 0.923698 0.768981 0.923698 0.765278
0 0.752604 0.674074 0.752344 0.677778 0.753906 0.681481 0.759635 0.682407 0.760156 0.676389 0.759375 0.674537 0.756250 0.672222
0 0.342708 0.662963 0.338021 0.662963 0.337240 0.669907 0.337760 0.670833 0.341927 0.670833 0.342708 0.669907
0 0.309375 0.385185 0.308594 0.392130 0.309896 0.393981 0.314323 0.395370 0.316146 0.393056 0.314323 0.384259
0 0.363281 0.214815 0.363542 0.219907 0.367448 0.219907 0.367448 0.215741 0.366667 0.214352 0.364323 0.213426
0 0.797917 0.207870 0.797917 0.212963 0.801562 0.212963 0.801562 0.209259 0.799479 0.206944 0.798438 0.206944
0 0.243490 0.011574 0.241667 0.014352 0.241667 0.019907 0.242448 0.021296 0.245052 0.021296 0.245312 0.013426
