0 0.526042 0.862037 0.526042 0.863889 0.530729 0.863889 0.530469 0.857870 0.527604 0.857870
0 0.298958 0.789815 0.298177 0.794907 0.299740 0.797685 0.302604 0.799537 0.304167 0.795370 0.303125 0.790741
0 0.458333 0.785648 0.455990 0.787963 0.455990 0.794907 0.458854 0.798148 0.461198 0.794907 0.461198 0.787963
0 0.911979 0.730556 0.911979 0.736574 0.914062 0.739352 0.916406 0.739352 0.916667 0.732407 0.916146 0.731019
0 0.780990 0.683796 0.782292 0.690741 0.786198 0.692130 0.789062 0.690741 0.788281 0.683333 0.782813 0.682407
0 0.338802 0.676389 0.338802 0.679167 0.339583 0.680556 0.343229 0.680556 0.343750 0.679630 0.343750 0.675000 0.341146 0.674074
0 0.309115 0.383796 0.310417 0.388426 0.313542 0.389352 0.317708 0.385185 0.314323 0.378704 0.310417 0.378704
0 0.394531 0.240278 0.394271 0.245833 0.398177 0.245833 0.398177 0.239815
0 0.785937 0.192593 0.785937 0.197685 0.789583 0.197685 0.789583 0.193519 0.789062 0.192130
0 0.251823 0.050000 0.251042 0.051389 0.251302 0.056019 0.253906 0.056019 0.253906 0.051389 0.252604 0.050000
0 0.347917 0.026852 0.347917 0.030556 0.351042 0.030556 0.351042 0.025926 0.350781 0.025463 0.348698 0.025463
