0 0.451042 0.806019 0.450000 0.808796 0.451042 0.815278 0.454948 0.815741 0.455469 0.809259 0.454948 0.807407
0 0.919271 0.787963 0.919010 0.794907 0.923177 0.797222 0.924740 0.795370 0.923698 0.789352 0.921875 0.787963
0 0.404167 0.758796 0.402865 0.760648 0.402083 0.767593 0.404948 0.770833 0.407813 0.767130 0.406510 0.760648
0 0.283333 0.730093 0.282552 0.731944 0.283073 0.736111 0.286979 0.737963 0.288802 0.732407 0.287240 0.729167
0 0.340365 0.628241 0.337760 0.627315 0.336458 0.628241 0.335417 0.635185 0.337760 0.637500 0.339844 0.635648
0 0.716667 0.620833 0.716146 0.625000 0.716667 0.631944 0.720573 0.634259 0.721875 0.629630 0.720573 0.621759
0 0.309375 0.433796 0.308854 0.441204 0.310156 0.443981 0.314323 0.443519 0.314323 0.433796
0 0.806771 0.245833 0.806771 0.250926 0.810677 0.250926 0.810677 0.245833
0 0.320052 0.184259 0.319792 0.190278 0.323958 0.190278 0.323958 0.184259
0 0.220573 0.081019 0.216927 0.081944 0.216927 0.090278 0.220573 0.090278
