0 0.546875 0.897222 0.546875 0.901852 0.547396 0.902778 0.550781 0.902315 0.550521 0.897222
0 0.369531 0.865278 0.368229 0.865741 0.366146 0.870833 0.369010 0.876389 0.371875 0.871759 0.371094 0.867130
0 0.560417 0.824074 0.556510 0.826852 0.556510 0.836574 0.560677 0.836574 0.561979 0.829630
0 0.474479 0.772222 0.474479 0.778704 0.476562 0.781019 0.478385 0.781481 0.479167 0.775463 0.478385 0.770833
0 0.802344 0.643056 0.802344 0.648611 0.806771 0.648611 0.806510 0.643056
0 0.480729 0.579630 0.478646 0.576852 0.474740 0.579167 0.473438 0.586574 0.474479 0.588426 0.479427 0.587963 0.480469 0.586574
0 0.994531 0.572685 0.990365 0.574074 0.988021 0.580093 0.989583 0.585185 0.994010 0.584722 0.995313 0.580093
0 0.786719 0.382407 0.784115 0.383333 0.784375 0.389352 0.786719 0.389815
0 0.530208 0.384722 0.528906 0.384259 0.526823 0.385185 0.526823 0.387963 0.527344 0.390278 0.530208 0.390278
0 0.751302 0.321759 0.751563 0.326389 0.755729 0.326389 0.755729 0.321759
