0 0.490104 0.850000 0.490104 0.857407 0.494010 0.859259 0.494792 0.857407 0.494010 0.850463
0 0.434375 0.808333 0.431510 0.802315 0.427865 0.805556 0.426823 0.809259 0.428125 0.812037 0.431771 0.813426
0 0.918229 0.767130 0.919792 0.772222 0.923698 0.772222 0.923698 0.766667 0.919792 0.764815
0 0.281510 0.760185 0.281250 0.768056 0.284635 0.768519 0.284635 0.760185
0 0.750260 0.669907 0.749740 0.676852 0.750781 0.678704 0.754687 0.681019 0.756771 0.679167 0.757552 0.676389 0.755729 0.671296
0 0.342708 0.662963 0.341667 0.661111 0.337760 0.661574 0.336979 0.662963 0.337500 0.669907 0.341667 0.668519
0 0.310417 0.385648 0.308594 0.393519 0.310417 0.397222 0.315104 0.399074 0.316146 0.391667 0.314063 0.386574
0 0.359896 0.211574 0.360156 0.217593 0.364063 0.217593 0.363802 0.211574
0 0.798958 0.209259 0.798958 0.214815 0.802865 0.214815 0.802604 0.209722
0 0.239844 0.016204 0.239063 0.017130 0.239063 0.024537 0.241927 0.025000 0.242708 0.024074 0.242708 0.016667
0 0.223958 0.006481 0.222656 0.008333 0.222656 0.011574 0.223958 0.013426 0.225521 0.012963 0.225521 0.007870 0.224740 0.006481
