0 0.499740 0.857407 0.501042 0.862963 0.504687 0.862963 0.504687 0.857407
0 0.438802 0.801389 0.437500 0.808796 0.439063 0.810648 0.442969 0.809722 0.443490 0.808796 0.443750 0.801852 0.443229 0.800926
0 0.287760 0.767130 0.285938 0.767593 0.284635 0.773611 0.286979 0.779167 0.289844 0.774074
0 0.914844 0.753241 0.915104 0.760185 0.915885 0.762037 0.919792 0.761574 0.920312 0.760185 0.919531 0.753241 0.916927 0.752315
0 0.757552 0.676852 0.758854 0.683796 0.761979 0.685185 0.765365 0.683796 0.765104 0.676852 0.764323 0.675926 0.759375 0.675463
0 0.341667 0.663426 0.339323 0.665741 0.337760 0.669444 0.338542 0.671296 0.341406 0.673148 0.344531 0.669907 0.343750 0.666667
0 0.317708 0.384722 0.314063 0.379630 0.310417 0.381019 0.309896 0.386574 0.310937 0.389352 0.314583 0.390278
0 0.371094 0.221296 0.371354 0.226389 0.375260 0.226389 0.375260 0.222222 0.373958 0.219907 0.371875 0.219907
0 0.794010 0.204167 0.794010 0.207870 0.794531 0.209259 0.797917 0.209259 0.797917 0.204167
0 0.232292 0.021296 0.232031 0.022685 0.232292 0.027315 0.233854 0.027315 0.234896 0.026389 0.234896 0.023148
0 0.247917 0.004630 0.247656 0.012037 0.251042 0.010648 0.251042 0.006481 0.249740 0.005093
