0 0.550260 0.891204 0.550521 0.895833 0.553906 0.895370 0.553906 0.890741 0.553385 0.889815 0.551562 0.889815
0 0.373698 0.887500 0.372917 0.887500 0.371094 0.891667 0.371615 0.894907 0.372917 0.897222 0.376823 0.892130 0.375781 0.889352
0 0.572135 0.797685 0.568229 0.799537 0.568229 0.807407 0.570052 0.808796 0.573438 0.807407 0.574219 0.801852
0 0.481510 0.745370 0.481250 0.748148 0.481771 0.750926 0.485938 0.750926 0.485938 0.745370 0.483854 0.744444 0.482031 0.744444
0 0.798438 0.637500 0.798438 0.643519 0.803125 0.643519 0.802865 0.637500
0 0.999740 0.602778 0.994010 0.604167 0.993490 0.606944 0.994010 0.615278 0.999740 0.615278
0 0.505208 0.551389 0.501302 0.550000 0.499219 0.551852 0.498437 0.558796 0.501563 0.561574 0.504687 0.559259
0 0.802344 0.422222 0.802083 0.422685 0.802083 0.428704 0.804427 0.428704 0.804688 0.428241 0.804688 0.423148 0.803906 0.422222
0 0.552604 0.406019 0.552604 0.412037 0.555729 0.412037 0.555729 0.406019
0 0.783594 0.313889 0.783854 0.318519 0.788021 0.318519 0.787760 0.312500 0.785156 0.312500
