0 0.509115 0.857407 0.508854 0.863426 0.513542 0.863426 0.513542 0.857407
0 0.449740 0.794907 0.447135 0.794444 0.445312 0.801852 0.447135 0.806481 0.451042 0.802315 0.451042 0.797685
0 0.290104 0.774074 0.289323 0.781019 0.290885 0.784259 0.294271 0.782870 0.294792 0.778241 0.293490 0.774074
0 0.911979 0.744907 0.911979 0.749074 0.915104 0.753241 0.916146 0.753241 0.916927 0.746296 0.915885 0.743519
0 0.765365 0.678241 0.764323 0.684259 0.767448 0.687500 0.771354 0.686574 0.772135 0.684259 0.771354 0.677315
0 0.342448 0.665741 0.341406 0.665741 0.339062 0.669907 0.339844 0.672685 0.341406 0.674537 0.342969 0.673611 0.345573 0.669907 0.344271 0.667130
0 0.310937 0.384259 0.314063 0.389352 0.319531 0.385185 0.318490 0.380093 0.315885 0.378241 0.313281 0.378704
0 0.379427 0.226852 0.379427 0.232407 0.383594 0.232407 0.383594 0.227778 0.382812 0.226389
0 0.789844 0.201389 0.789844 0.205556 0.793750 0.205556 0.793750 0.201852 0.793229 0.200926 0.790365 0.200463
0 0.239323 0.031019 0.239323 0.037500 0.242188 0.037500 0.242188 0.031019
