0 0.504167 0.857407 0.504948 0.862500 0.508854 0.862500 0.508854 0.857407
0 0.447135 0.797685 0.443229 0.797685 0.441667 0.801389 0.441927 0.806019 0.443229 0.808796 0.447135 0.805556
0 0.287760 0.771759 0.287760 0.777315 0.288542 0.779167 0.291406 0.779167 0.291146 0.770370 0.289323 0.769907
0 0.914583 0.746296 0.913021 0.750000 0.912760 0.753241 0.915104 0.756944 0.916406 0.757407 0.918490 0.754630 0.918750 0.752778 0.916406 0.746296
0 0.760938 0.676852 0.761198 0.683796 0.767448 0.685648 0.768490 0.683796 0.767708 0.676389
0 0.341927 0.663889 0.338281 0.669444 0.340885 0.673148 0.342187 0.673148 0.344792 0.669907 0.344271 0.667130
0 0.315365 0.378241 0.312500 0.379630 0.310417 0.385185 0.314323 0.389815 0.318490 0.385648 0.318229 0.381019
0 0.375521 0.224537 0.375781 0.229167 0.379427 0.229167 0.379427 0.224537 0.377344 0.223148 0.376563 0.223148
0 0.791406 0.202315 0.791667 0.206944 0.795312 0.206944 0.795052 0.201852
0 0.236198 0.026389 0.236198 0.032407 0.239063 0.032407 0.239063 0.027778 0.237500 0.026389
0 0.250521 0.000000 0.250521 0.003704 0.251823 0.008333 0.254167 0.006481 0.255729 0.003241 0.255729 0.000000
