0 0.471615 0.833796 0.471354 0.837500 0.472396 0.838889 0.475521 0.838889 0.475521 0.833333 0.475000 0.832407 0.472396 0.832407
0 0.919792 0.776852 0.918750 0.780556 0.919792 0.784722 0.923698 0.786111 0.925000 0.781019 0.923698 0.777315
0 0.283073 0.740278 0.279167 0.743981 0.278906 0.746296 0.279427 0.748611 0.283073 0.750000 0.283854 0.747222
0 0.732292 0.648148 0.732812 0.656481 0.736198 0.660648 0.737760 0.659722 0.739323 0.656019 0.737240 0.649537
0 0.337760 0.646759 0.336719 0.649074 0.337500 0.656019 0.339323 0.656019 0.341667 0.652778 0.341927 0.649074 0.340625 0.647222
0 0.309896 0.406019 0.308854 0.412963 0.310417 0.416204 0.314323 0.419444 0.316406 0.412963 0.314583 0.406481
0 0.803385 0.225000 0.803385 0.230093 0.807031 0.230093 0.806771 0.224537
0 0.341146 0.197685 0.341146 0.204167 0.345313 0.204167 0.345313 0.199074 0.344531 0.197685
0 0.228385 0.048611 0.228125 0.051852 0.228906 0.055093 0.232292 0.056944 0.233333 0.050926 0.232292 0.045833
0 0.294792 0.041204 0.294531 0.045370 0.297917 0.045370 0.297917 0.041204
