0 0.547917 0.919444 0.547917 0.926389 0.551562 0.926389 0.551562 0.919907
0 0.360677 0.844907 0.359635 0.846759 0.359635 0.853241 0.362760 0.853704 0.362760 0.845370
0 0.531510 0.836574 0.534115 0.842593 0.538021 0.843519 0.539062 0.837500 0.538021 0.835185 0.532813 0.834722
0 0.459375 0.800000 0.456510 0.801852 0.456771 0.808796 0.458854 0.809722 0.460417 0.808796 0.461198 0.801852
0 0.810417 0.666667 0.806771 0.669907 0.807552 0.672685 0.810156 0.676389 0.811979 0.675000 0.813021 0.671296 0.813021 0.669907
0 0.453385 0.595833 0.450521 0.593519 0.447396 0.596296 0.445833 0.600463 0.447135 0.603704 0.451823 0.604630 0.454427 0.600463
0 0.997396 0.555556 0.996354 0.557407 0.996354 0.562500 0.997135 0.564352 0.999479 0.564352 0.999479 0.555556
0 0.500521 0.362963 0.500521 0.366204 0.501042 0.367130 0.504427 0.367130 0.504427 0.363426 0.503385 0.362037 0.501302 0.361574
0 0.771094 0.337037 0.771094 0.343519 0.773698 0.343519 0.773438 0.337500
0 0.722917 0.327315 0.722917 0.330093 0.727344 0.330093 0.727344 0.325926 0.726042 0.324537 0.723958 0.324537
