0 0.446875 0.796296 0.446094 0.799074 0.446354 0.804630 0.449479 0.804630 0.449740 0.798611 0.448177 0.796296
0 0.921094 0.794444 0.921094 0.798611 0.921875 0.800463 0.926042 0.800463 0.926042 0.794907 0.925000 0.793981
0 0.408073 0.753241 0.404167 0.754167 0.402865 0.759722 0.404167 0.764815 0.408073 0.761574
0 0.287240 0.725926 0.285417 0.727315 0.284115 0.731019 0.284115 0.732870 0.286719 0.735648 0.289844 0.732407 0.289583 0.728241
0 0.337240 0.622685 0.336198 0.625000 0.336198 0.630093 0.339583 0.630556 0.339844 0.623148
0 0.716667 0.612037 0.713542 0.614352 0.713281 0.617130 0.713542 0.622685 0.715885 0.625926 0.719271 0.621759 0.718490 0.614815
0 0.310417 0.440278 0.309375 0.448148 0.310417 0.450463 0.314323 0.451852 0.315365 0.448611 0.314323 0.440741
0 0.810156 0.252778 0.810156 0.258796 0.814063 0.258796 0.814063 0.253241
0 0.314323 0.176852 0.313542 0.184259 0.314323 0.185648 0.318229 0.186111 0.318750 0.184259 0.318229 0.179167
0 0.216667 0.088889 0.213281 0.089815 0.213281 0.098611 0.216667 0.098611
