0 0.923958 0.807870 0.923958 0.812500 0.924479 0.813426 0.929427 0.813426 0.929167 0.807870 0.927865 0.806944
0 0.435417 0.769907 0.434115 0.774074 0.434896 0.777778 0.436719 0.777778 0.437500 0.776852 0.437500 0.771759
0 0.411979 0.744907 0.406510 0.745370 0.405990 0.748148 0.406771 0.752778 0.409635 0.753241 0.411979 0.749074
0 0.286979 0.728704 0.286979 0.733796 0.292187 0.733796 0.292187 0.728241 0.291667 0.727315 0.288281 0.727315
0 0.329948 0.603241 0.329427 0.605556 0.329688 0.610648 0.331510 0.611111 0.333073 0.610185 0.333073 0.603704
0 0.708854 0.582407 0.705469 0.586574 0.704948 0.593519 0.708073 0.595833 0.710417 0.593519 0.711458 0.587037
0 0.308594 0.461574 0.310156 0.468519 0.313281 0.469444 0.317188 0.468519 0.316927 0.461574 0.310156 0.459259
0 0.819531 0.280556 0.818229 0.279167 0.815885 0.280093 0.815625 0.284722 0.819531 0.285185
0 0.290625 0.158333 0.289062 0.163426 0.291146 0.168056 0.293750 0.165741 0.294792 0.162963 0.292969 0.159722
0 0.195312 0.121759 0.194271 0.123611 0.194271 0.131019 0.197917 0.131019 0.197917 0.122222
