0 0.573177 0.848611 0.573438 0.852778 0.577604 0.852778 0.577604 0.847685 0.576823 0.846296 0.575000 0.846296
0 0.337760 0.809259 0.333854 0.810185 0.332292 0.815741 0.333854 0.819444 0.338281 0.816667
0 0.459375 0.753241 0.460938 0.757407 0.462760 0.758796 0.465885 0.757407 0.467187 0.754167 0.466146 0.750926 0.462760 0.748148
0 0.913281 0.685185 0.913021 0.693056 0.916406 0.693056 0.916406 0.684722
0 0.829948 0.690741 0.830469 0.697685 0.835156 0.698611 0.837500 0.697222 0.837760 0.690278 0.833333 0.688426
0 0.330990 0.689352 0.331510 0.693981 0.335417 0.693981 0.335938 0.693056 0.335938 0.688889 0.334635 0.687500 0.332552 0.687500
0 0.432552 0.278704 0.432552 0.282407 0.433333 0.283333 0.436458 0.283333 0.436458 0.277778 0.435937 0.276852 0.434115 0.276852
0 0.777083 0.174074 0.777344 0.178241 0.780990 0.178241 0.780990 0.172685 0.778125 0.172685
0 0.278906 0.095833 0.278385 0.097222 0.278646 0.102315 0.281510 0.102315 0.281510 0.097685 0.280208 0.095833
0 0.384635 0.006019 0.384635 0.010648 0.387760 0.010648 0.387760 0.006481
