0 0.547135 0.891667 0.547396 0.896296 0.551302 0.896296 0.551302 0.891667
0 0.372917 0.878704 0.369010 0.880093 0.368229 0.883796 0.369010 0.888889 0.372917 0.886574
0 0.565365 0.808796 0.564323 0.815741 0.565885 0.818519 0.569010 0.819907 0.570573 0.816667 0.569792 0.810185 0.568750 0.808333
0 0.478646 0.753241 0.478385 0.760648 0.482552 0.762963 0.484115 0.760185 0.482292 0.752778
0 0.798958 0.636111 0.798958 0.642130 0.803646 0.642130 0.803385 0.636111
0 0.994010 0.589352 0.990104 0.593056 0.990104 0.600463 0.993229 0.602778 0.996094 0.600463 0.996354 0.593519
0 0.494010 0.561111 0.490104 0.561574 0.488802 0.564352 0.489583 0.572685 0.494271 0.570833 0.495573 0.565278
0 0.794010 0.406019 0.794010 0.412963 0.796875 0.412963 0.796875 0.406019
0 0.541406 0.398148 0.541406 0.401852 0.542448 0.403704 0.544792 0.403704 0.544792 0.397685
0 0.770312 0.315741 0.770052 0.321296 0.774479 0.321296 0.774479 0.315741
