0 0.372917 0.920370 0.369010 0.922685 0.368229 0.925926 0.369010 0.930093 0.373177 0.928704 0.373698 0.925000
0 0.549479 0.906019 0.549479 0.911574 0.553125 0.911574 0.553646 0.908333 0.553385 0.905556
0 0.568229 0.801852 0.568229 0.810648 0.572135 0.813426 0.573698 0.809259 0.572917 0.801852 0.572135 0.800000
0 0.481250 0.741667 0.478385 0.740278 0.477344 0.741667 0.476042 0.746296 0.477344 0.749074 0.478646 0.750000 0.482031 0.746296
0 0.798698 0.670833 0.795052 0.676852 0.796354 0.680093 0.798698 0.681944 0.801042 0.677315 0.800521 0.673611
0 0.529167 0.492130 0.527083 0.496296 0.527344 0.503241 0.529167 0.506019 0.533073 0.503241 0.533594 0.496296 0.532813 0.493981
0 0.829167 0.492130 0.828646 0.493519 0.828646 0.498148 0.829167 0.499074 0.830990 0.499074 0.831510 0.498148 0.831510 0.493056 0.830990 0.492130
0 0.587760 0.450000 0.586979 0.452315 0.586979 0.455556 0.587240 0.456481 0.589583 0.456481 0.589844 0.451389
0 0.834115 0.300463 0.834115 0.305556 0.838542 0.305556 0.838542 0.299537 0.835677 0.299537
0 0.958073 0.017130 0.958333 0.024074 0.958854 0.025000 0.961979 0.025000 0.963021 0.024074 0.962760 0.017130
