0 0.515104 0.862037 0.515104 0.864352 0.519792 0.864352 0.519792 0.860185 0.519010 0.858796 0.516667 0.858796
0 0.450000 0.794907 0.451042 0.803704 0.455208 0.801852 0.454948 0.793981 0.451042 0.793519
0 0.294792 0.780093 0.292969 0.781019 0.292708 0.787963 0.294531 0.790278 0.298177 0.787963 0.297135 0.781481
0 0.911458 0.739352 0.911719 0.747222 0.915885 0.748148 0.916667 0.746296 0.915885 0.739815
0 0.770573 0.682407 0.770052 0.684259 0.771094 0.687037 0.774740 0.689815 0.777344 0.688426 0.778385 0.683333 0.775521 0.679167
0 0.339844 0.670370 0.339323 0.676852 0.341667 0.678241 0.344792 0.676852 0.345313 0.669907 0.341667 0.668981
0 0.385417 0.231944 0.385417 0.236574 0.385937 0.238426 0.389062 0.238426 0.389062 0.231944
0 0.787760 0.198611 0.787760 0.203704 0.791667 0.203704 0.791667 0.199537 0.791146 0.198148
0 0.244010 0.038889 0.244010 0.045370 0.246875 0.045370 0.246875 0.040278 0.245312 0.038889
0 0.339583 0.031019 0.339583 0.035185 0.342708 0.035185 0.342708 0.030556
