0 0.525260 0.858796 0.525260 0.864352 0.529687 0.864352 0.529427 0.857870 0.526302 0.857870
0 0.298698 0.787963 0.297917 0.793519 0.298698 0.797685 0.302604 0.798611 0.303385 0.795370 0.302604 0.789815
0 0.458073 0.786574 0.455729 0.787963 0.455469 0.794907 0.458854 0.799074 0.461198 0.793519 0.460417 0.788426
0 0.911979 0.731019 0.911979 0.738426 0.915885 0.740278 0.916406 0.739352 0.916146 0.731481
0 0.779687 0.683796 0.781510 0.690741 0.785417 0.691667 0.787760 0.690741 0.788021 0.683796 0.787240 0.682870 0.782813 0.681944
0 0.341927 0.673148 0.338281 0.676852 0.339583 0.680556 0.341406 0.681944 0.344010 0.679630 0.345313 0.676852 0.344010 0.674537
0 0.309375 0.383796 0.310417 0.388889 0.313281 0.389815 0.317969 0.385185 0.314323 0.379167 0.310417 0.379167
0 0.393750 0.239352 0.393750 0.245833 0.397656 0.245833 0.397656 0.241667 0.397135 0.239352
0 0.785937 0.192593 0.785937 0.198148 0.789583 0.198148 0.789583 0.194907 0.788021 0.192130
0 0.350260 0.026389 0.350000 0.025926 0.348177 0.026389 0.347135 0.028241 0.347135 0.031019 0.350260 0.031019
