0 0.488802 0.850463 0.490104 0.858333 0.494010 0.858333 0.494010 0.852315 0.493229 0.850463 0.490625 0.849537
0 0.431510 0.802778 0.427083 0.805093 0.425781 0.808796 0.427604 0.812500 0.431771 0.812963 0.433594 0.808333
0 0.918229 0.767130 0.919792 0.773148 0.923958 0.774074 0.923698 0.766667 0.919792 0.765278
0 0.282031 0.758796 0.280990 0.760185 0.280990 0.767593 0.284635 0.767593 0.284635 0.759259
0 0.748698 0.669907 0.749740 0.677778 0.751823 0.679630 0.755990 0.678704 0.756510 0.676389 0.755208 0.669907 0.752083 0.668519
0 0.341667 0.660648 0.337760 0.661574 0.337240 0.662500 0.337760 0.669907 0.341667 0.668519 0.342708 0.662500
0 0.310417 0.386111 0.308333 0.391667 0.309375 0.396759 0.311979 0.399074 0.315885 0.399074 0.316146 0.392130 0.314323 0.387500
0 0.359115 0.211574 0.359896 0.217593 0.363281 0.217593 0.363021 0.211111
0 0.803385 0.210648 0.802604 0.209722 0.799479 0.210185 0.799479 0.215741 0.803385 0.215741
0 0.242188 0.017130 0.240104 0.016667 0.238802 0.017593 0.238542 0.025000 0.239323 0.026389 0.240885 0.026389 0.242188 0.025000
0 0.224219 0.005556 0.222396 0.007870 0.222135 0.010185 0.223958 0.012037 0.225000 0.012037 0.225000 0.006944
