0 0.372135 0.892130 0.371354 0.899074 0.372917 0.900463 0.375781 0.899074 0.376823 0.894907 0.376823 0.891667 0.372917 0.891204
0 0.551302 0.890278 0.551042 0.896296 0.553906 0.896296 0.554688 0.894907 0.554688 0.890741
0 0.568750 0.796759 0.567969 0.802778 0.569792 0.805556 0.572396 0.806481 0.575260 0.801852 0.572396 0.795833
0 0.481771 0.742130 0.481250 0.744907 0.481771 0.748148 0.486198 0.748148 0.486198 0.742130
0 0.797917 0.639815 0.797917 0.644907 0.802604 0.644907 0.802604 0.639352 0.798438 0.638889
0 0.996875 0.607407 0.994010 0.612037 0.994010 0.616667 0.997396 0.620833 0.999740 0.620833 0.999740 0.606944
0 0.505990 0.544444 0.503125 0.546759 0.501563 0.550926 0.501823 0.554630 0.504948 0.557407 0.509115 0.551852 0.507812 0.545833
0 0.805208 0.427778 0.804427 0.429630 0.804427 0.434722 0.807031 0.434722 0.807031 0.427778
0 0.556510 0.410185 0.555990 0.411574 0.555990 0.415741 0.559115 0.416204 0.559115 0.411574
0 0.788281 0.312963 0.788281 0.317593 0.792708 0.317593 0.792708 0.312500 0.792188 0.311574 0.789323 0.311574
