0 0.553125 0.890741 0.551302 0.890278 0.549219 0.891204 0.549219 0.895833 0.552865 0.895833
0 0.373177 0.883333 0.370573 0.885185 0.370052 0.892130 0.372917 0.893519 0.374479 0.891667 0.375000 0.885185
0 0.567448 0.801852 0.566927 0.808796 0.568229 0.811111 0.572135 0.812500 0.573177 0.809259 0.572135 0.802315
0 0.481510 0.746296 0.479948 0.753241 0.482031 0.755556 0.486198 0.753704 0.485417 0.750000 0.483333 0.746296
0 0.798698 0.636111 0.798698 0.642130 0.803646 0.642130 0.803646 0.636111
0 0.991927 0.600463 0.992448 0.607407 0.993750 0.608796 0.999740 0.605556 0.999740 0.600000 0.997917 0.600000 0.996354 0.597222 0.994010 0.596296
0 0.501823 0.558796 0.499219 0.554630 0.497396 0.554167 0.494792 0.558796 0.495052 0.565741 0.499740 0.565741
0 0.798958 0.414352 0.798958 0.421296 0.801562 0.421296 0.801562 0.415278 0.801042 0.414352
0 0.548438 0.401852 0.547917 0.402778 0.547917 0.407870 0.551302 0.407870 0.551302 0.403704 0.549740 0.401852
0 0.778125 0.314815 0.778385 0.318981 0.782552 0.318981 0.782292 0.313889 0.779167 0.313426
