0 0.540625 0.855093 0.540625 0.860185 0.544792 0.860185 0.544792 0.854167 0.542188 0.854167
0 0.309115 0.801852 0.309896 0.806944 0.313802 0.806944 0.313542 0.800463 0.309896 0.800463
0 0.462760 0.774074 0.461719 0.780093 0.462240 0.783333 0.466667 0.787037 0.467708 0.781481 0.466667 0.774074
0 0.915885 0.717593 0.911719 0.718519 0.912240 0.725926 0.915885 0.727315 0.916406 0.725926 0.916406 0.719907
0 0.795312 0.690278 0.798438 0.694907 0.802604 0.694907 0.803906 0.690741 0.802604 0.685648 0.800781 0.685185 0.797656 0.685648
0 0.338281 0.679630 0.338281 0.684259 0.342969 0.684259 0.342969 0.679630 0.342448 0.678704 0.339062 0.678704
0 0.306510 0.378241 0.306771 0.386574 0.310677 0.388426 0.314323 0.385185 0.312760 0.378241 0.310937 0.377315
0 0.406510 0.251852 0.406771 0.256481 0.410417 0.256481 0.410417 0.252315 0.409896 0.251389 0.408073 0.250000
0 0.783073 0.182870 0.783073 0.187963 0.786979 0.187963 0.786979 0.183333
0 0.260677 0.065278 0.260677 0.069444 0.261458 0.070833 0.263802 0.070833 0.263802 0.064815
