0 0.518750 0.862037 0.518750 0.864815 0.523438 0.864815 0.523438 0.860185 0.522917 0.859259 0.520312 0.859259
0 0.454948 0.789815 0.451562 0.794907 0.453125 0.800463 0.454948 0.802315 0.456250 0.800926 0.457552 0.795833 0.456510 0.791667
0 0.294792 0.784259 0.294271 0.787963 0.294792 0.790741 0.298698 0.793056 0.300260 0.788426 0.298958 0.784259
0 0.911979 0.736111 0.910937 0.738889 0.911979 0.745370 0.915885 0.745833 0.916406 0.740278 0.915885 0.737037
0 0.772917 0.683796 0.774479 0.687963 0.778646 0.690741 0.780469 0.689352 0.781771 0.684722 0.779427 0.680556 0.775260 0.681019
0 0.342708 0.670833 0.340885 0.671296 0.338802 0.676389 0.341667 0.680093 0.345052 0.676852 0.344531 0.673148
0 0.388542 0.235648 0.388542 0.241204 0.392188 0.241204 0.392188 0.235185
0 0.786979 0.196759 0.786979 0.202315 0.790885 0.202315 0.790885 0.197222
0 0.246875 0.044444 0.246615 0.046296 0.247135 0.049537 0.249479 0.049537 0.249479 0.044444 0.248177 0.043519
0 0.345313 0.028704 0.342708 0.030093 0.342448 0.030556 0.342448 0.033796 0.345313 0.033796
