0 0.503125 0.856944 0.503125 0.860648 0.503906 0.862500 0.507812 0.862037 0.507812 0.856944
0 0.446354 0.799074 0.443229 0.797685 0.441146 0.800926 0.441667 0.808333 0.444271 0.808796 0.447135 0.803241
0 0.287500 0.769907 0.287500 0.777778 0.290885 0.778241 0.290885 0.769907
0 0.915885 0.747685 0.913021 0.752315 0.913542 0.755556 0.915885 0.758796 0.917708 0.757407 0.918750 0.754167
0 0.760417 0.676852 0.761198 0.683796 0.763542 0.685185 0.767969 0.684259 0.767448 0.676389 0.763542 0.675463
0 0.339323 0.667130 0.339323 0.671296 0.343490 0.671296 0.343490 0.666204 0.342708 0.664815 0.340885 0.664815
0 0.313802 0.378704 0.310937 0.382407 0.310417 0.386111 0.314844 0.389815 0.318229 0.386574 0.318490 0.383796 0.317188 0.380093
0 0.378385 0.223611 0.376823 0.221759 0.374479 0.223148 0.374219 0.228241 0.378385 0.228241
0 0.791927 0.202315 0.792188 0.206944 0.795833 0.206944 0.795833 0.201852
0 0.235677 0.024537 0.235417 0.031019 0.238281 0.031481 0.238021 0.025463 0.237500 0.024537
