0 0.924740 0.804167 0.923698 0.808796 0.925260 0.810648 0.928125 0.812037 0.930729 0.809259 0.927604 0.802778
0 0.437760 0.780556 0.437760 0.788426 0.440885 0.788889 0.440885 0.781019
0 0.409635 0.746296 0.408333 0.745370 0.404687 0.746296 0.403646 0.752315 0.404167 0.755556 0.408073 0.755093 0.408854 0.753241
0 0.284896 0.729630 0.285156 0.733333 0.290104 0.732870 0.290104 0.727778 0.285938 0.727315
0 0.333854 0.611574 0.330990 0.614352 0.332031 0.620833 0.333594 0.621759 0.335156 0.620833 0.336719 0.614815
0 0.708854 0.594907 0.707552 0.600463 0.708854 0.606019 0.712760 0.606944 0.714063 0.601389 0.712760 0.594444
0 0.307812 0.454630 0.308594 0.462037 0.314323 0.464352 0.316146 0.461574 0.314323 0.454167 0.310417 0.452315
0 0.815104 0.268056 0.815104 0.274074 0.818490 0.274074 0.818490 0.268519
0 0.298698 0.164815 0.297396 0.170370 0.298698 0.172685 0.302604 0.173611 0.303125 0.170833 0.302604 0.165741
0 0.201302 0.105093 0.198958 0.107407 0.198698 0.114352 0.200781 0.116667 0.203646 0.113426 0.203646 0.107407
