0 0.375781 0.910648 0.372917 0.909259 0.370833 0.912963 0.372135 0.918056 0.373698 0.918056 0.376563 0.913426
0 0.551823 0.898148 0.552083 0.903704 0.554948 0.903704 0.555729 0.902778 0.555729 0.897685
0 0.573698 0.793981 0.572396 0.792130 0.567708 0.793056 0.566667 0.794907 0.567708 0.801852 0.571875 0.801389
0 0.478906 0.737963 0.478906 0.741204 0.479687 0.742593 0.484115 0.742130 0.483854 0.736111 0.480208 0.736111
0 0.798698 0.653704 0.797135 0.656019 0.797917 0.662963 0.801042 0.662963 0.802083 0.656019
0 0.525260 0.513426 0.521354 0.513426 0.520312 0.515741 0.520052 0.524074 0.521354 0.526852 0.525521 0.524074 0.526563 0.517130
0 0.821615 0.466204 0.820833 0.467593 0.821094 0.473148 0.823698 0.473148 0.823698 0.467130 0.822917 0.466204
0 0.576823 0.434259 0.576823 0.439815 0.579948 0.440278 0.579948 0.434259
0 0.817969 0.304167 0.817708 0.309259 0.822135 0.309259 0.822135 0.303704
0 0.948177 0.000000 0.948177 0.007870 0.951042 0.008333 0.951302 0.000000
