0 0.371094 0.912963 0.369531 0.919907 0.371875 0.921759 0.375000 0.920370 0.375260 0.918056 0.374479 0.912963
0 0.551562 0.900926 0.551302 0.906481 0.555208 0.906481 0.555208 0.902315 0.554427 0.900463
0 0.572135 0.793981 0.566927 0.794907 0.566146 0.801852 0.568229 0.805556 0.572135 0.803241 0.572656 0.797222
0 0.477865 0.739352 0.478385 0.744444 0.482552 0.744444 0.483073 0.743519 0.483073 0.737963 0.479427 0.737963
0 0.799219 0.657870 0.798438 0.657870 0.796354 0.662963 0.798698 0.668056 0.801562 0.662963 0.801042 0.660185
0 0.525260 0.507870 0.521615 0.510185 0.521615 0.518056 0.524219 0.521759 0.526042 0.521296 0.528125 0.517593 0.527604 0.510185
0 0.822396 0.473611 0.822396 0.480093 0.825260 0.480093 0.825260 0.474537
0 0.579427 0.438889 0.579167 0.439352 0.579167 0.444907 0.582031 0.444907 0.582031 0.440278 0.580729 0.438889
0 0.821615 0.303704 0.821354 0.309259 0.825781 0.309259 0.825781 0.303241
0 0.951042 0.005093 0.950000 0.006944 0.950000 0.012037 0.952083 0.012963 0.953125 0.012037 0.953125 0.006944
