0 0.459896 0.821759 0.459375 0.822685 0.462500 0.829630 0.463802 0.829630 0.464583 0.828241 0.465104 0.822222 0.463021 0.819907
0 0.920833 0.784722 0.919792 0.788426 0.921354 0.790741 0.924219 0.792593 0.926042 0.789815 0.926302 0.787963 0.923698 0.783333
0 0.282813 0.733796 0.279948 0.739352 0.281510 0.742130 0.283594 0.743056 0.286719 0.739352 0.285677 0.735185
0 0.338542 0.637037 0.337760 0.637037 0.335677 0.641667 0.336198 0.644444 0.337760 0.646759 0.340365 0.644907 0.341667 0.642593 0.341406 0.639815
0 0.724479 0.635185 0.724479 0.643981 0.726562 0.646296 0.728906 0.646759 0.730729 0.641667 0.728646 0.635185
0 0.310417 0.420370 0.308594 0.426389 0.310677 0.431944 0.314583 0.434259 0.316146 0.426852 0.314844 0.421759
0 0.806250 0.234722 0.806250 0.239815 0.810156 0.239815 0.810156 0.234722
0 0.329948 0.190278 0.329948 0.196759 0.334115 0.196759 0.333854 0.190278
0 0.222917 0.064815 0.222656 0.073148 0.226042 0.073148 0.226302 0.065278 0.224740 0.063889
0 0.282552 0.043981 0.282552 0.048611 0.285417 0.048611 0.285677 0.048148 0.285677 0.044444
