0 0.595833 0.845370 0.594271 0.844907 0.591927 0.846296 0.591667 0.851389 0.596094 0.851389
0 0.345313 0.806481 0.344531 0.807870 0.344792 0.814815 0.347656 0.814815 0.348177 0.813889 0.348177 0.807870
0 0.461719 0.753241 0.458854 0.750000 0.455469 0.751389 0.454427 0.753241 0.454948 0.758333 0.458854 0.759259
0 0.327344 0.695833 0.327344 0.700463 0.332292 0.700000 0.332292 0.695833 0.330990 0.694444 0.328646 0.694444
0 0.851562 0.690741 0.850000 0.696296 0.851042 0.699537 0.854427 0.700926 0.857552 0.698611 0.857292 0.690741
0 0.919531 0.670370 0.919010 0.671759 0.919010 0.678241 0.922396 0.678241 0.922396 0.672222 0.921094 0.670370
0 0.286198 0.387037 0.283073 0.390741 0.282813 0.393519 0.284115 0.398148 0.287240 0.399074 0.289323 0.397222 0.291146 0.392130 0.289062 0.388426
0 0.447135 0.289815 0.447135 0.295833 0.451302 0.295833 0.451042 0.289815
0 0.775000 0.176389 0.775260 0.181019 0.778906 0.181019 0.778906 0.176389
0 0.288021 0.113889 0.288021 0.120370 0.291146 0.120370 0.291146 0.113889
