0 0.370833 0.912963 0.369271 0.919907 0.371875 0.921759 0.373437 0.921759 0.375260 0.919907 0.374740 0.912963
0 0.551562 0.900463 0.551042 0.902315 0.551042 0.906481 0.555208 0.906481 0.555208 0.902315 0.554427 0.900463
0 0.572135 0.793981 0.567187 0.794907 0.566146 0.801852 0.568229 0.805556 0.572135 0.803241 0.572656 0.796296
0 0.477865 0.739352 0.478125 0.744444 0.482552 0.744444 0.483073 0.743056 0.483073 0.738426 0.478385 0.738426
0 0.798698 0.658333 0.796354 0.662963 0.798438 0.668056 0.799479 0.667593 0.801562 0.662963 0.800000 0.659259
0 0.525000 0.507870 0.522135 0.510185 0.521875 0.517593 0.523438 0.520833 0.525521 0.521759 0.528125 0.517593 0.527604 0.509722
0 0.822656 0.474074 0.822656 0.480556 0.825521 0.480556 0.825521 0.474074
0 0.579427 0.439352 0.579167 0.445370 0.582031 0.445370 0.582031 0.440278 0.580990 0.439352
0 0.821875 0.303241 0.821615 0.308796 0.826042 0.308796 0.826042 0.303241
0 0.951042 0.005093 0.950260 0.006944 0.950260 0.012037 0.951823 0.012963 0.953385 0.011574 0.953385 0.006944
