0 0.497656 0.854630 0.495573 0.856019 0.494792 0.857870 0.495833 0.861111 0.497917 0.864352 0.499479 0.862037 0.500521 0.857407
0 0.435417 0.802778 0.432292 0.808796 0.433854 0.812037 0.436198 0.812963 0.439063 0.810648 0.439323 0.805093
0 0.283073 0.765278 0.282552 0.766667 0.283073 0.774074 0.286979 0.774537 0.286979 0.766204
0 0.916927 0.760185 0.918229 0.767130 0.919531 0.768056 0.922135 0.767130 0.921875 0.760185 0.920052 0.758796
0 0.753906 0.676852 0.757552 0.683796 0.761458 0.683333 0.761979 0.676852 0.759896 0.674537 0.755729 0.674074
0 0.337760 0.664352 0.337760 0.670370 0.342448 0.670370 0.342187 0.663889
0 0.309375 0.385185 0.309375 0.392130 0.312500 0.393519 0.316406 0.392130 0.315885 0.385185 0.314323 0.383333 0.310417 0.383333
0 0.365625 0.217130 0.365625 0.220833 0.366667 0.222685 0.369792 0.222685 0.369792 0.216667 0.366927 0.216204
0 0.796875 0.207407 0.796615 0.211574 0.800781 0.211574 0.800781 0.208796 0.799740 0.206481 0.797656 0.206019
0 0.228385 0.015278 0.227344 0.016667 0.227344 0.018519 0.228385 0.020833 0.229167 0.020833 0.230208 0.019907 0.230208 0.016204
0 0.244010 0.008796 0.243229 0.010185 0.243229 0.018056 0.246094 0.018056 0.246615 0.017130 0.246615 0.009259
