0 0.373958 0.919907 0.373177 0.918981 0.369271 0.919907 0.368750 0.927315 0.373437 0.927315
0 0.553906 0.905093 0.552865 0.904167 0.550260 0.905093 0.550000 0.909722 0.553385 0.910185 0.553906 0.908796
0 0.568229 0.799074 0.567448 0.801852 0.567708 0.809259 0.572135 0.811111 0.573177 0.809259 0.572656 0.799537 0.572135 0.798148
0 0.477344 0.739815 0.476302 0.746296 0.477604 0.748148 0.478906 0.748611 0.482031 0.746296 0.482292 0.739352 0.478385 0.738889
0 0.798438 0.668056 0.796354 0.669907 0.796094 0.676852 0.798958 0.678241 0.800781 0.676852 0.801302 0.669907
0 0.529427 0.495833 0.526823 0.498148 0.525781 0.502778 0.527083 0.509722 0.529167 0.511111 0.532292 0.503704 0.531510 0.498611
0 0.827865 0.487500 0.827604 0.493519 0.828125 0.494444 0.830469 0.494444 0.830469 0.487500
0 0.585156 0.447222 0.585156 0.453704 0.588021 0.453704 0.588021 0.447222
0 0.831510 0.301389 0.831510 0.306019 0.835677 0.306019 0.835677 0.300926 0.833333 0.300000
0 0.958594 0.013426 0.955729 0.017130 0.957552 0.021296 0.959115 0.022222 0.960677 0.020370 0.961719 0.017130
