0 0.494010 0.856019 0.494010 0.859259 0.497656 0.863426 0.498698 0.862037 0.499740 0.858333 0.497917 0.854630
0 0.435417 0.802315 0.431510 0.808796 0.433073 0.812963 0.434896 0.814352 0.437240 0.812963 0.439063 0.809259 0.438542 0.805556
0 0.283073 0.764352 0.282031 0.766667 0.282813 0.774074 0.286198 0.774074 0.286979 0.771296 0.286979 0.767130 0.285417 0.765278
0 0.918229 0.760185 0.917708 0.764352 0.917969 0.767593 0.920573 0.768981 0.922917 0.767130 0.921354 0.760185
0 0.753646 0.675926 0.755990 0.682870 0.760677 0.683796 0.761719 0.676852 0.759896 0.674074 0.755469 0.673148
0 0.309375 0.385185 0.309635 0.392593 0.314844 0.393981 0.316406 0.392130 0.315885 0.385648 0.314583 0.383796 0.310417 0.383333
0 0.365104 0.215741 0.365104 0.221296 0.369010 0.223611 0.370052 0.218981 0.369271 0.216204
0 0.797396 0.207407 0.797396 0.212037 0.801302 0.212037 0.801302 0.208796 0.799740 0.206481 0.797917 0.206481
0 0.228385 0.012500 0.226823 0.015278 0.226562 0.017593 0.227604 0.019444 0.229687 0.019444 0.229687 0.014352
0 0.243229 0.010185 0.242708 0.014352 0.242969 0.018519 0.246094 0.018981 0.246354 0.010185
