0 0.929948 0.835648 0.929948 0.839352 0.931250 0.841667 0.935417 0.841667 0.935417 0.836111 0.933594 0.835185
0 0.400260 0.788889 0.396354 0.788426 0.395052 0.794444 0.396354 0.800926 0.400260 0.798611 0.401042 0.794907
0 0.282813 0.770370 0.281771 0.773611 0.282292 0.777778 0.282813 0.779167 0.285156 0.779167 0.285417 0.772222 0.283854 0.770370
0 0.439063 0.725463 0.439323 0.731019 0.443229 0.731019 0.443490 0.724537 0.440365 0.724537
0 0.712760 0.547685 0.711979 0.551852 0.713542 0.556481 0.716667 0.557407 0.719531 0.552315 0.716927 0.546759
0 0.298698 0.540278 0.298438 0.548611 0.302083 0.549074 0.302083 0.541667
0 0.301042 0.447685 0.300781 0.455093 0.302604 0.456944 0.306771 0.454630 0.306250 0.447685 0.303646 0.446759
0 0.810156 0.336574 0.810156 0.343981 0.812760 0.343981 0.812760 0.336574
0 0.153125 0.204630 0.151562 0.206944 0.150781 0.212037 0.154167 0.216667 0.156250 0.210648 0.154948 0.205556
0 0.230729 0.093056 0.232292 0.097685 0.236198 0.095833 0.236458 0.093519 0.235937 0.092130 0.232813 0.089815 0.232031 0.089815
