0 0.505208 0.857407 0.505469 0.862963 0.509896 0.862963 0.509896 0.856944
0 0.447135 0.795833 0.443229 0.797685 0.442448 0.801389 0.443229 0.807870 0.447656 0.805556 0.448437 0.800926
0 0.288802 0.771296 0.288281 0.772222 0.288542 0.779630 0.291927 0.779630 0.291927 0.772222 0.291146 0.770370
0 0.913281 0.746296 0.912760 0.753241 0.915104 0.756019 0.916146 0.756019 0.917969 0.753241 0.916927 0.746296
0 0.339323 0.667593 0.339583 0.671759 0.343750 0.671296 0.343750 0.666204 0.343229 0.665278 0.340885 0.665278
0 0.310937 0.383333 0.310937 0.385185 0.314063 0.389352 0.318490 0.385185 0.317708 0.378241 0.312500 0.378241
0 0.376302 0.224537 0.376302 0.230093 0.380208 0.230093 0.380208 0.225000 0.377604 0.224074
0 0.791146 0.201852 0.791146 0.206944 0.795052 0.206944 0.794792 0.201852
0 0.236719 0.028704 0.236719 0.033333 0.237500 0.034259 0.239844 0.034259 0.239844 0.027778
0 0.251563 0.000000 0.251823 0.006481 0.255208 0.006019 0.255208 0.000000
